[gd_scene load_steps=7 format=3 uid="uid://bqktgv40yhd3l"]

[ext_resource type="Material" uid="uid://ct7r22wowv8s4" path="res://src/PumaOrange/orange.material" id="1_wr4yc"]

[sub_resource type="SphereMesh" id="SphereMesh_i3xfw"]
material = ExtResource("1_wr4yc")

[sub_resource type="CapsuleMesh" id="CapsuleMesh_glo86"]
material = ExtResource("1_wr4yc")

[sub_resource type="CapsuleMesh" id="CapsuleMesh_2ra4w"]
material = ExtResource("1_wr4yc")
radius = 0.1
height = 1.0

[sub_resource type="PrismMesh" id="PrismMesh_iarly"]
material = ExtResource("1_wr4yc")
size = Vector3(0.3, 0.3, 0.3)

[sub_resource type="CapsuleMesh" id="CapsuleMesh_auqqc"]
material = ExtResource("1_wr4yc")
radius = 0.1

[node name="PumaOrange" type="Node3D"]

[node name="MeshInstance3D6" type="MeshInstance3D" parent="."]
transform = Transform3D(1, 0, 0, 0, 1, 0, 0, 0, 1, 0, 0.934219, -0.642457)
mesh = SubResource("SphereMesh_i3xfw")

[node name="MeshInstance3D" type="MeshInstance3D" parent="."]
transform = Transform3D(1.91069e-15, 4.37114e-08, -1, 1, -4.37114e-08, 0, -4.37114e-08, -1, -4.37114e-08, 0, -0.0203229, 0.0840263)
mesh = SubResource("CapsuleMesh_glo86")

[node name="MeshInstance3D2" type="MeshInstance3D" parent="."]
transform = Transform3D(1, 0, 0, 0, 1, 0, 0, 0, 1, -0.391202, -0.540889, -0.498301)
mesh = SubResource("CapsuleMesh_2ra4w")

[node name="MeshInstance3D3" type="MeshInstance3D" parent="."]
transform = Transform3D(1, 0, 0, 0, 1, 0, 0, 0, 1, 0.367588, -0.540889, -0.498301)
mesh = SubResource("CapsuleMesh_2ra4w")

[node name="MeshInstance3D4" type="MeshInstance3D" parent="."]
transform = Transform3D(1, 0, 0, 0, 1, 0, 0, 0, 1, -0.391202, -0.540889, 0.718254)
mesh = SubResource("CapsuleMesh_2ra4w")

[node name="MeshInstance3D5" type="MeshInstance3D" parent="."]
transform = Transform3D(1, 0, 0, 0, 1, 0, 0, 0, 1, 0.367588, -0.540889, 0.718254)
mesh = SubResource("CapsuleMesh_2ra4w")

[node name="MeshInstance3D7" type="MeshInstance3D" parent="."]
transform = Transform3D(-4.37114e-08, 0, 1, 0.557354, 0.830275, 2.43627e-08, -0.830275, 0.557354, -3.62925e-08, 0.113757, 1.40138, -0.313015)
mesh = SubResource("PrismMesh_iarly")

[node name="MeshInstance3D8" type="MeshInstance3D" parent="."]
transform = Transform3D(-4.37114e-08, 0, 1, -0.543453, 0.83944, -2.37551e-08, -0.83944, -0.543453, -3.66931e-08, 0.113757, 1.40138, -0.979086)
mesh = SubResource("PrismMesh_iarly")

[node name="MeshInstance3D9" type="MeshInstance3D" parent="."]
transform = Transform3D(1, 0, 0, 0, 0.866025, -0.5, 0, 0.5, 0.866025, 0, 0.979677, 1.35669)
mesh = SubResource("CapsuleMesh_auqqc")
